1370276182 0 0 0 0 0 0 119254 0 0 0 0 0 0 0 0 0 0 0 0
1370871006 2 0 0 0 0 0 119254 0 0 0 0 0 0 0 0 0 0 0 0
1370877217 6 0 0 0 0 0 119254 0 0 0 0 0 0 0 0 0 0 0 0
1370877544 7 0 0 0 0 0 119254 0 0 0 0 0 0 0 0 0 0 0 0
1370878435 9 0 0 0 0 0 119254 0 0 0 0 0 0 0 0 0 0 0 0
1370878606 11 0 0 0 0 0 119254 0 0 0 0 0 0 0 0 0 0 0 0
1370947568 40 0 0 0 0 0 119254 0 0 0 0 0 0 0 0 0 0 0 0
1372265678 97 0 0 0 0 0 119254 0 0 0 0 0 0 0 0 0 0 0 20
1375993052 97 0 0 0 0 0 119256 0 0 0 0 0 0 0 0 0 0 0 20
1376559456 98 0 0 0 0 0 119256 0 0 0 0 0 0 0 0 0 0 0 20
1376677929 99 0 0 0 0 0 119256 0 0 0 0 0 0 0 0 0 6 0 20
1376925396 106 0 0 0 0 0 119256 0 0 0 0 0 0 0 0 0 6 0 20
1376926567 109 0 0 0 0 0 119256 0 0 0 0 0 0 0 0 0 6 0 20
1376927170 115 0 0 0 0 0 119256 0 0 0 0 0 0 0 0 0 6 0 20
1376928743 118 0 0 0 0 0 119256 0 0 0 0 0 0 0 0 0 6 0 20
1376930611 120 0 0 0 0 0 119256 0 0 0 0 0 0 0 0 0 6 0 20
1377130308 120 0 0 216 0 0 119256 0 0 0 0 0 0 0 0 0 6 0 20
1377138995 122 0 0 216 0 0 119256 0 0 0 0 70 0 0 0 0 6 0 20
1377202565 123 0 0 216 0 0 119256 0 0 0 0 70 0 0 0 0 6 0 20
1377203035 123 0 0 216 0 0 119256 0 0 0 0 70 0 0 0 0 6 0 20
1377205573 126 0 0 216 0 0 119256 0 0 0 0 70 0 0 0 0 6 0 20
1377263567 126 0 0 216 0 0 119256 0 0 0 0 70 0 0 0 0 6 0 20
1377288989 126 0 0 217 0 0 119256 0 0 0 0 70 0 0 0 0 6 0 20
1377289013 126 0 0 217 0 0 119256 0 0 0 0 70 0 0 0 0 6 0 20
1377290703 126 0 0 218 0 0 119256 0 0 0 0 70 0 0 0 0 6 0 20
1377291630 126 0 0 218 0 0 119256 0 0 0 0 70 0 0 0 0 6 0 20
1377296458 126 0 0 218 0 0 119259 0 0 0 0 70 0 0 0 0 6 0 20
1377550477 126 0 0 218 0 0 119259 0 0 0 0 70 0 0 0 0 6 0 20
1377689851 126 0 0 218 0 0 119259 0 0 0 0 70 0 0 0 0 6 0 20
1377690211 126 0 0 218 0 0 119259 0 0 0 0 70 0 0 0 0 6 0 20
1377706641 126 0 0 927 0 0 119259 0 0 0 0 70 0 0 0 0 6 0 20
1377706665 126 0 0 927 0 0 119259 0 0 0 0 70 0 0 0 0 6 0 20
1377711181 126 0 0 933 0 0 119259 0 0 0 0 70 0 0 0 0 6 0 20
1377809344 126 0 0 1570 0 0 119259 0 0 0 0 70 0 0 0 0 6 0 20
1377809589 126 0 0 1570 0 0 119259 0 0 0 0 70 0 0 0 0 6 0 20
1377815781 126 0 0 1831 0 0 119259 0 0 0 0 70 0 0 0 0 6 0 20
1377905774 126 0 0 1906 0 0 119259 0 0 0 0 70 0 0 0 0 6 0 20
1377907331 126 0 0 3225 0 0 119259 0 0 0 0 70 0 0 0 0 6 0 20
1378491271 126 0 0 3225 0 0 119259 0 0 0 0 70 0 0 0 0 6 0 20
1378500540 126 0 0 3245 0 0 119259 0 0 0 0 70 0 0 0 0 6 0 20
1378508174 126 0 0 3401 0 0 119259 0 0 0 0 70 0 0 0 0 6 0 20
1378508249 126 0 0 3401 0 0 119259 0 0 0 0 70 0 0 0 0 6 0 20
1378776600 126 0 0 3515 0 0 119259 0 0 0 0 70 0 0 0 0 6 0 20
1378857129 126 0 0 3986 0 0 119259 0 0 0 0 70 0 0 0 0 6 0 20
1378858565 126 0 0 3986 0 0 119259 0 0 0 0 70 0 0 0 0 6 0 20
1378932216 126 0 0 4170 0 0 119259 0 0 0 0 70 0 0 0 0 6 0 20
1378933379 126 0 0 4255 0 0 119259 0 0 0 0 70 0 0 0 0 6 0 20
1378937653 126 0 0 4345 0 0 119259 0 0 0 0 70 0 0 0 0 6 0 20
1378939813 126 0 0 4452 0 0 119259 0 0 0 0 70 0 0 0 0 6 0 20
1378989650 129 0 0 4452 0 0 119259 0 0 0 0 70 0 0 0 0 6 0 20
1378990984 131 0 0 4452 0 0 119259 0 0 0 0 70 0 0 0 0 6 0 20
1378994373 131 0 0 4452 0 0 119259 0 0 0 0 70 0 0 0 0 6 0 20
1379009131 131 0 0 4452 0 0 119259 0 0 0 0 70 0 0 0 0 6 0 20
1379009982 269 0 0 4452 0 0 119259 0 0 0 0 70 0 0 0 0 6 0 20
1379015473 271 0 0 4452 0 0 119259 0 0 0 0 70 0 0 0 0 6 0 20
1379020525 285 0 0 4452 0 0 119259 0 0 0 0 70 0 0 0 0 6 0 20
1379066915 285 0 0 4711 0 0 119259 0 0 0 0 70 0 0 0 0 6 0 20
1379093168 285 0 0 4711 0 0 119259 0 0 0 0 70 0 0 0 0 6 0 20
1379093690 285 0 0 4711 0 0 119259 0 0 0 0 70 0 0 0 0 6 0 20
1379097435 306 0 0 4713 0 0 119259 0 0 0 0 70 0 0 0 0 6 0 20
1379177778 306 0 0 4713 0 0 119259 0 0 0 0 70 0 0 0 0 6 0 20
1379177878 307 0 0 4713 0 0 119259 0 0 0 0 70 0 0 0 0 6 0 20
1379380463 307 0 0 5346 0 0 119259 0 0 0 0 70 0 0 0 0 6 0 20
1379404628 307 0 0 5520 0 0 119259 0 0 0 0 70 0 0 0 0 6 0 20
1379505278 307 0 0 5615 0 0 119259 0 0 0 0 70 0 0 0 0 6 0 20
1379505312 307 0 0 5615 0 0 119259 0 0 0 0 70 0 0 0 0 6 0 20
1379548556 307 0 0 5615 0 0 119714 0 0 0 0 70 0 0 0 0 6 0 20
1379620581 307 0 0 6071 0 0 119714 0 0 0 0 70 0 0 0 0 6 0 20
1379622385 307 0 0 6077 0 0 119714 0 0 0 0 70 0 0 0 0 6 0 20
1379628937 314 0 0 6078 0 0 119714 0 0 0 0 70 0 0 0 0 6 0 20
1379629604 318 0 0 6078 0 0 119714 0 0 0 0 70 0 0 0 0 6 0 20
1379630936 319 0 0 6078 0 0 119714 0 0 0 0 70 0 0 0 0 6 0 20
1379633760 319 0 0 6079 0 0 119714 0 0 0 0 70 0 0 0 0 6 0 20
1379645545 321 0 0 6079 0 0 119714 0 0 0 0 70 0 0 0 0 6 0 20
1379647046 321 0 0 6079 0 0 119714 0 0 0 0 70 0 0 0 0 6 0 20
1379647698 325 0 0 6079 0 0 119714 0 0 0 0 70 0 0 0 0 6 0 20
1379648106 326 0 0 6079 0 0 119714 0 0 0 0 70 0 0 0 0 6 0 20
1379648700 328 0 0 6079 0 0 119714 0 0 0 0 70 0 0 0 0 6 0 20
1379648912 329 0 0 6079 0 0 119714 0 0 0 0 70 0 0 0 0 6 0 20
1379710207 329 0 0 6079 0 0 119714 0 0 0 0 70 0 0 0 0 6 0 20
1379711568 334 0 0 6079 0 0 119714 0 0 0 0 70 0 0 0 0 6 0 20
1379712909 336 0 0 6079 0 0 119714 0 0 0 0 70 0 0 0 0 6 0 20
1379803519 341 0 0 6079 0 0 119714 0 0 0 0 70 0 0 0 0 6 0 20
1379978004 342 0 0 6079 0 0 119714 0 0 0 0 70 0 0 0 0 6 0 20
1380036051 342 0 0 6079 0 0 119714 0 0 0 0 70 0 0 0 0 6 0 20
1380278254 342 0 0 6079 0 0 119714 0 0 0 0 70 0 0 0 0 6 0 20
1381793985 344 0 0 6079 0 0 119714 0 0 0 0 70 0 0 0 0 6 0 20
1381799587 368 0 0 6079 0 0 119714 0 0 0 0 70 0 0 0 0 6 0 20
1381800801 372 0 0 6079 0 0 119714 0 0 0 0 70 0 0 0 0 6 0 20
1381801464 377 0 0 6079 0 0 119714 0 0 0 0 70 0 0 0 0 6 0 20
1381803791 383 0 0 6079 0 0 119714 0 0 0 0 70 0 0 0 0 6 0 20
1381804186 391 0 0 6079 0 0 119714 0 0 0 0 70 0 0 0 0 6 0 20
1382373228 391 0 0 6079 0 0 119714 0 0 0 0 70 0 0 0 0 6 0 20
1382373912 414 0 0 6079 0 0 119714 0 0 0 0 70 0 0 0 0 6 0 20
1382374400 414 0 0 6079 0 0 119714 0 0 0 0 70 0 0 0 0 6 0 20
1382374545 414 0 0 6079 0 0 119714 0 0 0 0 70 0 0 0 0 6 0 20
1382409987 414 0 0 6079 0 0 119714 0 0 0 0 70 0 0 0 0 6 0 20
1382410121 414 0 0 6079 0 0 119714 0 0 0 0 70 0 0 0 0 6 0 20
1382410749 421 0 0 6079 0 0 119714 0 0 0 0 70 0 0 0 0 6 0 20
1382410842 421 0 0 6079 0 0 119714 0 0 0 0 70 0 0 0 0 6 0 20
1382412969 426 0 0 6079 0 0 119714 0 0 0 0 70 0 0 0 0 6 0 20
1382485837 427 0 0 6079 0 0 119714 0 0 0 0 70 0 0 0 0 6 0 20
1382547927 428 0 0 6079 0 0 119714 0 0 0 0 70 0 0 0 0 6 0 20
1382548661 430 0 0 6079 0 0 119714 0 0 0 0 70 0 0 0 0 6 0 20
1382548818 431 0 0 6079 0 0 119714 0 0 0 0 70 0 0 0 0 6 0 20
1382649167 431 0 0 6079 0 0 119714 0 0 0 0 70 0 0 0 0 6 0 20
1382655357 431 0 0 6079 0 0 119714 0 0 0 0 70 0 0 0 0 6 0 20
1382658068 431 0 0 6079 0 0 119714 0 0 0 0 70 0 0 0 0 6 0 20
1382660707 431 0 0 6079 0 0 122512 0 0 0 0 70 0 0 0 0 6 0 20
1382661761 431 0 0 6079 0 0 122512 0 0 0 0 70 0 0 0 0 6 0 20
1382705418 431 0 0 6079 0 0 122512 0 0 0 0 70 0 0 0 0 6 0 20
1382718896 446 0 0 6079 0 0 122512 0 0 0 0 70 0 0 0 0 6 0 20
1383132782 457 0 0 6079 0 0 122512 0 0 0 0 70 0 0 0 0 6 0 20
1383658265 467 0 0 6079 0 0 122512 0 0 0 0 70 0 0 0 0 6 0 20
1383686491 467 0 0 6079 0 0 122512 0 0 0 0 70 0 0 0 0 6 0 20
1383875690 467 0 0 6079 0 120 122512 0 0 0 0 70 0 0 0 0 6 0 20
1384367923 467 0 0 6079 0 120 122512 0 0 0 0 70 0 0 0 0 6 0 20
1384415700 467 0 0 6079 0 120 122512 0 0 0 0 70 0 0 0 2 6 0 20
1384754253 467 0 0 6079 0 120 122512 0 0 0 0 70 0 0 0 2 6 0 20
1386122183 467 0 0 6079 0 126 122512 0 0 0 0 70 0 0 0 2 6 0 20
1386283540 467 0 0 6079 0 139 122512 0 0 0 0 70 0 0 0 2 6 0 20
1386378549 467 0 0 6079 0 175 122512 0 0 0 0 70 0 0 0 2 6 0 20
1386837820 467 0 0 6079 0 191 122512 0 0 0 0 70 0 0 0 2 6 0 20
1387303212 467 0 299 6079 0 191 122512 0 0 0 0 70 0 0 0 2 6 0 20
1387312687 467 0 419 6079 0 191 122512 0 0 0 0 70 0 0 0 2 6 0 20
1387314160 467 0 558 6079 0 191 122512 0 0 0 0 70 0 0 0 2 6 0 20
1387316578 467 0 698 6079 0 191 122512 0 0 0 0 70 0 0 0 2 6 0 20
1387320739 467 0 755 6079 0 191 122512 0 0 0 0 70 0 0 0 2 6 0 20
1388087593 467 0 755 6079 0 191 122550 0 0 0 0 70 0 0 0 2 6 0 20
1389039261 467 0 755 6079 0 191 122550 0 0 0 0 70 0 0 0 2 6 0 20
1389053533 467 0 762 6079 0 191 122550 0 0 0 0 70 0 0 0 2 6 0 20
1389282164 467 0 762 6079 0 191 122550 0 0 0 0 70 10 0 0 2 6 0 20
1389303668 467 0 762 6079 0 191 122550 0 0 0 0 70 12 0 0 2 6 0 20
1389412212 467 0 762 6079 0 191 122550 0 0 724 0 70 12 0 0 2 6 0 20
1389839854 467 0 762 6079 0 191 122550 0 0 724 0 70 12 0 0 2 6 0 20
1389842463 467 0 762 6079 0 191 122550 0 0 725 0 70 12 0 0 2 6 0 20
1389843279 467 0 762 6079 0 191 122550 0 0 729 0 70 12 0 0 2 6 0 20
1389890523 467 0 762 6079 0 191 122550 0 0 732 0 70 12 0 0 2 6 0 20
1389938065 467 0 762 6079 0 191 122550 0 0 735 0 70 12 0 0 2 6 0 20
1389971107 467 0 762 6079 0 191 122550 0 0 735 0 70 12 0 0 2 6 0 20
1389997734 467 0 762 6079 0 191 122550 0 0 735 0 70 12 0 0 2 6 0 20
1390774160 467 0 762 6079 0 426 122550 0 0 735 0 70 12 0 0 2 6 0 20
1391041273 467 0 762 6079 0 426 122550 0 0 739 0 70 12 0 0 2 6 0 20
1391041344 467 0 762 6079 0 426 122550 0 0 740 0 70 12 0 0 2 6 0 20
1391639429 519 0 762 6079 0 426 122550 0 0 740 0 70 12 0 0 2 6 0 20
1391723070 519 0 784 6079 0 426 122550 0 0 740 0 70 12 0 0 2 6 0 20
1391724015 519 0 784 6079 0 426 122550 0 0 740 0 70 12 0 0 2 6 0 20
1391725307 519 0 784 6079 0 426 122550 0 0 740 0 70 12 0 0 2 6 0 20
1391725509 519 0 787 6079 0 426 122550 0 0 740 0 70 12 0 0 2 6 0 20
1391733606 519 0 787 6079 0 434 122550 0 0 740 0 70 12 0 0 2 6 0 20
1391735454 519 0 788 6079 0 434 122550 0 0 740 0 70 12 0 0 2 6 0 20
1391739531 519 0 788 6079 0 434 122550 0 0 740 0 70 12 0 0 2 6 0 20
1391749404 519 0 788 6079 0 434 122550 0 0 740 0 70 12 0 0 2 6 0 20
1391807698 519 0 791 6079 0 434 122550 0 0 740 0 70 12 0 0 2 6 0 20
1391807732 519 0 798 6079 0 434 122550 0 0 740 0 70 12 0 0 2 6 0 20
1391809724 519 0 798 6079 0 434 122550 0 0 740 0 70 12 0 0 2 6 0 20
1391811764 519 0 799 6079 0 434 122550 0 0 740 0 70 12 0 0 2 6 0 20
1391811840 519 0 799 6079 0 434 122550 0 0 740 0 70 12 0 0 2 6 0 20
1392156471 519 0 4255 6079 0 434 122550 0 0 740 0 70 12 0 0 2 6 0 20
1392159458 519 0 4255 6079 0 434 122550 0 0 740 0 70 12 0 0 2 6 0 20
1392359564 519 0 4255 6079 0 434 122551 0 0 740 0 70 12 0 0 2 6 0 20
1392397434 519 0 4255 6079 0 434 122552 0 0 740 0 70 12 0 0 2 6 0 20
1392847637 519 0 4256 6079 0 434 122552 0 0 740 0 70 12 0 0 2 6 0 20
1392848238 519 0 4256 6079 0 434 122552 0 0 740 0 70 12 0 0 2 6 0 20
1392922983 519 0 4256 6079 0 441 122552 0 0 740 0 70 12 0 0 2 6 0 20
1392928554 519 0 4256 6079 0 441 122552 0 0 740 0 70 12 0 0 2 6 0 20
1393275325 519 0 4256 6079 0 441 122552 0 0 740 0 70 12 0 0 2 6 0 20
1393544855 519 0 4256 6079 0 441 122552 0 0 740 0 70 12 0 0 2 6 0 20
1393626430 519 0 4256 6079 0 441 122552 0 0 740 0 70 12 0 0 2 6 0 20
1393628734 519 0 4256 6079 0 441 122552 0 0 740 0 70 12 0 0 2 6 0 20
1393869177 519 0 4256 6079 0 441 122552 0 0 740 0 70 12 0 0 2 6 0 20
1393958634 519 0 4256 6079 0 441 122552 0 0 740 0 70 12 0 0 2 6 0 20
1393965011 519 0 4256 6079 0 441 122552 0 0 740 0 70 12 0 0 2 6 0 20
1393991979 520 0 4256 6079 0 441 122552 0 0 740 0 70 12 0 0 2 6 0 20
1393998025 520 0 4256 6079 0 441 122552 0 0 740 0 70 12 0 0 2 6 0 20
1394124731 522 0 4256 6079 0 441 122552 0 0 740 0 70 12 0 0 2 6 0 20
1394126647 522 0 4256 6079 0 441 122552 0 0 740 0 70 12 0 0 2 6 0 20
1394530039 526 0 4256 6079 0 441 122552 0 0 740 0 70 12 0 0 2 6 0 20
1394530988 530 0 4256 6079 0 441 122552 0 0 740 0 70 12 0 0 2 6 0 20
1394531009 532 0 4256 6079 0 441 122552 0 0 740 0 70 12 0 0 2 6 0 20
1395097582 532 0 4256 6079 0 441 122552 0 0 740 0 70 12 0 0 2 6 0 20
1395435321 532 0 4257 6079 0 441 122552 0 0 740 0 70 12 0 0 2 6 0 20
1395874121 532 0 4257 6079 133726 441 122552 0 0 740 0 70 12 0 0 2 6 0 20
1395874572 532 0 4257 6079 2069762 441 122552 0 0 740 0 70 12 0 0 2 6 0 20
1395890577 532 0 4257 6079 2070509 441 122552 0 0 740 0 70 12 0 0 2 6 0 20
1395969353 532 0 4257 6079 2070566 441 122552 0 0 740 0 70 12 0 0 2 6 0 20
1395969844 532 0 4257 6079 2071752 441 122552 0 0 740 0 70 12 0 0 2 6 0 20
1395974590 532 0 4257 6079 2071752 441 122552 0 2 740 0 70 12 0 0 2 6 0 20
1395975241 532 0 4257 6079 2071752 441 122552 0 4 740 0 70 12 0 0 2 6 0 20
1395985153 532 0 4286 6079 2071752 441 122552 0 4 740 0 70 12 0 0 2 6 0 20
1396004321 532 0 4286 6079 2071752 441 122552 0 4 740 0 70 12 0 0 2 6 0 20
1396004397 532 0 4286 6079 2071752 441 122552 0 5 740 0 70 12 0 0 2 6 0 20
1396004591 532 0 4286 6079 2071752 441 122552 0 24 740 0 70 12 0 0 2 6 0 20
1396004708 532 0 4286 6079 2071752 441 122552 0 25 740 0 70 12 0 0 2 6 0 20
1396396622 532 0 4286 6079 2071753 441 122552 0 25 740 0 70 12 0 0 2 6 0 20
1396457187 532 0 4286 6079 2071755 441 122552 0 25 740 0 70 12 0 0 2 6 0 20
1396476410 532 0 4286 6079 2071755 441 122552 0 25 740 0 70 12 0 0 2 6 0 20
1396481452 532 0 4286 6079 2071755 441 122552 0 28 740 0 70 12 0 0 2 6 0 20
1396484947 532 0 4286 6079 2071755 441 122552 0 28 740 0 70 12 0 0 2 6 0 20
1396524265 532 0 4286 6079 2071757 441 122552 0 28 740 0 70 12 0 0 2 6 0 20
1396533488 539 0 4286 6079 2071757 441 122552 0 28 740 0 70 12 0 0 2 6 0 20
1396571041 542 0 4286 6079 2071757 441 122552 0 28 740 0 70 12 0 0 2 6 0 20
1396588999 542 0 4286 6079 2071757 441 122552 0 28 740 0 70 12 0 0 2 6 0 20
1396637057 543 0 4286 6079 2071757 441 122552 0 28 740 0 70 12 0 0 2 6 0 20
1396639389 544 0 4286 6079 2071757 441 122552 0 28 740 0 70 12 0 0 2 6 0 20
1396697762 544 9 4286 6079 2071757 441 122552 0 28 740 0 70 12 0 0 2 6 0 20
1396876804 544 9 4286 6079 2071767 441 122552 0 28 740 0 70 12 0 0 2 6 0 20
1396881672 544 9 4286 6079 2071785 441 122552 0 28 740 0 70 12 0 0 2 6 0 20
1396881743 544 9 4286 6079 2071786 441 122552 0 28 740 0 70 12 0 0 2 6 0 20
1396882960 544 9 4286 6079 2071792 441 122552 0 28 740 0 70 12 0 0 2 6 0 20
1396883084 544 9 4286 6079 2071794 441 122552 0 28 740 0 70 12 0 0 2 6 0 20
1396885477 544 9 4286 6079 2071797 441 122552 0 28 740 0 70 12 0 0 2 6 0 20
1396892350 544 9 4286 6079 2071801 441 122552 0 28 740 0 70 12 0 0 2 6 0 20
1396892412 544 9 4286 6079 2071803 441 122552 0 28 740 0 70 12 0 0 2 6 0 20
1396893324 544 9 4286 6079 2071806 441 122552 0 28 740 0 70 12 0 0 2 6 0 20
1396898227 544 9 4286 6079 2071808 441 122552 0 28 740 0 70 12 0 0 2 6 0 20
1396898270 544 9 4286 6079 2071810 441 122552 0 28 740 0 70 12 0 0 2 6 0 20
1396928395 544 9 4286 6079 2071810 441 122552 0 28 740 0 70 12 0 0 2 6 0 20
1396931049 544 9 4286 6079 2071810 441 122552 0 28 740 0 70 12 0 0 2 6 0 20
1396976926 544 9 4286 6079 2071810 441 122552 0 28 740 0 70 12 0 0 2 6 0 20
1396997400 545 9 4286 6079 2071810 441 122552 0 28 740 0 70 12 0 0 2 6 0 20
1396997492 545 9 4286 6079 2071810 441 122552 0 28 740 0 70 12 0 0 2 6 0 20
1396998053 546 9 4286 6079 2071810 441 122552 0 28 740 0 70 12 0 0 2 6 0 20
1397000364 546 9 4286 6079 2071819 441 122552 0 28 740 0 70 12 0 0 2 6 0 20
1397001763 546 9 4286 6079 2071819 441 122552 0 32 740 0 70 12 0 0 2 6 0 20
1397003465 560 9 4286 6079 2071819 441 122552 0 32 740 0 70 12 0 0 2 6 0 20
1397003543 561 9 4286 6079 2071819 441 122552 0 32 740 0 70 12 0 0 2 6 0 20
1397003590 561 9 4286 6079 2071819 441 122552 0 32 740 0 70 12 0 0 2 6 0 20
1397006088 561 9 4286 6079 2071819 441 122552 0 40 740 0 70 12 0 0 2 6 0 20
1397007527 576 9 4286 6079 2071819 441 122552 0 40 740 0 70 12 0 0 2 6 0 20
1397008150 576 9 4286 6079 2071819 441 122552 0 40 740 0 70 12 0 0 2 6 0 20
1397008893 576 9 4286 6079 2071819 441 122552 0 40 740 0 70 12 0 0 2 6 0 20
1397009039 576 9 4286 6079 2071819 441 122552 0 40 740 0 70 12 0 0 2 6 0 20
1397011654 576 9 4286 6079 2071819 441 122552 0 40 740 0 70 12 0 0 2 6 0 20
1397145530 576 9 4286 6079 2071819 441 122552 0 40 740 0 70 12 0 0 2 6 0 20
1397224567 576 9 4960 6079 2071819 441 122552 0 40 740 0 70 12 0 0 2 6 0 20
1397224614 576 9 4960 6079 2071819 441 122552 0 40 740 0 70 12 0 0 2 6 0 20
1397225110 576 9 4960 6079 2071819 441 122552 0 40 740 0 70 12 0 0 2 6 0 20
1397225173 576 9 4960 6079 2071819 441 122552 0 40 740 0 70 12 0 0 2 6 0 20
1397371574 576 9 4960 6079 2071819 441 122552 0 40 740 0 70 12 0 0 2 6 0 20
1397475953 576 9 4960 6079 2071819 441 122552 0 40 740 0 70 12 0 0 2 6 0 20
1397496382 576 9 4960 6079 2071819 441 122552 0 40 740 0 70 12 0 0 2 6 0 20
1397498271 576 9 4960 6079 2071819 441 122552 11 40 740 0 70 12 0 0 2 6 0 20
1397502436 576 9 4960 6079 2071819 441 122552 30 40 740 0 70 12 0 0 2 6 0 20
1397534287 576 9 4960 6079 2071819 441 122552 30 40 740 0 70 12 0 0 2 6 0 20
1397543979 576 25406 4960 6079 2071819 441 122552 30 40 740 0 70 12 0 0 2 6 0 20
1397544051 576 25540 4960 6079 2071819 441 122552 30 40 740 0 70 12 0 0 2 6 0 20
1397569457 576 25542 4960 6079 2071819 441 122552 30 40 740 0 70 12 0 0 2 6 0 20
1397569533 576 25543 4960 6079 2071819 441 122552 30 40 740 0 70 12 0 0 2 6 0 20
1397569961 576 25544 4960 6079 2071819 441 122552 30 40 740 0 70 12 0 0 2 6 0 20
1397594981 576 25544 4960 6079 2071819 441 122552 30 40 740 0 70 12 55 0 2 6 0 20
1397595009 576 25544 4960 6079 2071819 441 122552 30 40 740 0 70 12 55 0 2 6 0 20
1397604421 576 25549 4960 6079 2071819 441 122552 30 40 740 0 70 12 55 0 2 6 0 20
1397607741 576 25549 4960 6079 2071819 441 122552 30 40 740 0 70 12 55 0 2 6 0 20
1397992441 576 25551 4960 6079 2071819 441 122552 30 40 740 0 70 12 55 0 2 6 0 20
1398093150 576 25551 4960 6079 2071819 441 122552 30 40 740 0 70 12 55 0 2 6 0 20
1398112432 576 25551 4960 6079 2071819 441 122552 30 40 740 0 70 12 55 0 2 6 0 20
1398207113 576 25551 4960 6079 2071819 441 122552 30 40 740 0 70 12 55 0 2 6 0 20
1398293501 576 25551 4960 6079 2071819 441 122552 30 40 740 0 70 12 55 0 2 6 0 20
1398319637 576 25551 4960 6079 2071819 441 122552 30 40 740 0 70 12 55 0 2 6 0 20
1398320733 576 25672 4960 6079 2071819 441 122552 30 40 740 0 70 12 55 0 2 6 0 20
1398320889 576 25674 4960 6079 2071819 441 122552 30 40 740 0 70 12 55 0 2 6 0 20
1398320972 576 25675 4960 6079 2071819 441 122552 30 40 740 0 70 12 55 0 2 6 0 20
1398349575 576 25689 4960 6079 2071819 441 122552 30 40 740 0 70 12 55 0 2 6 0 20
1398349649 576 25691 4960 6079 2071819 441 122552 30 40 740 0 70 12 55 0 2 6 0 20
1398353023 576 25692 4960 6079 2071819 441 122552 30 40 740 0 70 12 55 0 2 6 0 20
1398353054 576 25703 4960 6079 2071819 441 122552 30 40 740 0 70 12 55 0 2 6 0 20
1398440637 576 25704 4960 6079 2071819 441 122552 30 40 740 0 70 12 55 0 2 6 0 20
1398440660 576 25723 4960 6079 2071819 441 122552 30 40 740 0 70 12 55 0 2 6 0 20
1398454041 576 25723 4960 6079 2071819 441 122552 30 40 740 0 70 12 55 0 2 6 0 20
1398465357 577 25723 4960 6079 2071819 441 122552 30 40 740 0 70 12 55 0 2 6 0 20
1398465402 580 25723 4960 6079 2071819 441 122552 30 40 740 0 70 12 55 0 2 6 0 20
1398471969 580 25735 4960 6079 2071819 441 122552 30 40 740 0 70 12 55 0 2 6 0 20
1398474013 580 25811 4960 6079 2071819 441 122552 30 40 740 0 70 12 55 0 2 6 0 20
1398474097 580 25813 4960 6079 2071819 441 122552 30 40 740 0 70 12 55 0 2 6 0 20
1398493977 580 25813 4960 6079 2071819 441 122552 30 40 740 0 70 12 55 0 2 6 0 20
1398590510 580 25822 4960 6079 2071819 441 122552 30 40 740 0 70 12 55 0 2 6 0 20
1398592717 580 26028 4960 6079 2071819 441 122552 30 40 740 0 70 12 55 0 2 6 0 20
1398593035 580 26030 4960 6079 2071819 441 122552 30 40 740 0 70 12 55 0 2 6 0 20
1398601268 580 26039 4960 6079 2071819 441 122552 30 40 740 0 70 12 55 0 2 6 0 20
1398609250 580 26338 4960 6079 2071819 441 122552 30 40 740 0 70 12 55 0 2 6 0 20
1398610599 580 26350 4960 6079 2071819 441 122552 30 40 740 0 70 12 55 0 2 6 0 20
1398611093 580 26352 4960 6079 2071819 441 122552 30 40 740 0 70 12 55 0 2 6 0 20
1398660744 580 26352 4960 6079 2071819 441 122552 30 40 740 0 70 12 55 0 2 6 0 20
1398882627 580 26352 4960 6079 2071819 441 122552 30 40 740 0 70 12 66 0 2 6 0 20
1398967275 580 26352 4960 6079 2071819 441 122552 30 40 740 0 70 12 66 0 2 6 0 20
1398967732 580 26352 4963 6079 2071819 441 122552 30 40 740 0 70 12 66 0 2 6 0 20
1398968368 580 26352 4964 6079 2071819 441 122552 30 40 740 0 70 12 66 0 2 6 0 20
1399046104 580 26352 4964 6079 2071819 441 122552 30 40 740 0 70 12 66 0 2 6 0 20
1399074886 580 26352 4964 6079 2071819 441 122552 30 40 740 0 70 12 66 0 2 6 0 20
1399085556 580 26359 4964 6079 2071819 441 122552 30 40 740 0 70 12 66 0 2 6 0 20
1399089125 580 26616 4964 6079 2071819 441 122552 30 40 740 0 70 12 66 0 2 6 0 20
1399090529 580 26625 4964 6079 2071819 441 122552 30 40 740 0 70 12 66 0 2 6 0 20
1399096308 580 26625 4964 6079 2071819 441 122552 30 40 740 0 70 12 66 0 2 6 0 20
1399393758 580 26625 4964 6079 2071819 441 122552 438 40 740 0 70 12 66 0 2 6 0 20
1399395030 580 26625 4964 6079 2071819 441 122552 439 40 740 0 70 12 66 0 2 6 0 20
1399472946 580 26732 4964 6079 2071819 441 122552 439 40 740 0 70 12 66 0 2 6 0 20
1399474150 580 26751 4964 6079 2071819 441 122552 439 40 740 0 70 12 66 0 2 6 0 20
1399474628 580 26751 4964 6079 2071819 441 122552 442 40 740 0 70 12 66 0 2 6 0 20
1399657065 580 26751 4964 6079 2071819 441 122552 446 40 740 0 70 12 66 0 2 6 0 20
1399668279 580 26751 4964 6079 2071819 441 122552 446 40 740 0 70 12 66 0 2 6 0 20
1399693440 580 26826 4964 6079 2071819 441 122552 446 40 740 0 70 12 66 0 2 6 0 20
1399693474 580 26834 4964 6079 2071819 441 122552 446 40 740 0 70 12 66 0 2 6 0 20
1399693512 580 26834 4964 6079 2071819 441 122552 446 40 740 0 70 12 66 0 2 6 0 20
1399696652 580 26834 4964 6079 2071819 441 122552 446 40 740 0 70 12 66 0 2 6 0 20
1399700192 580 26862 4964 6079 2071819 441 122552 446 40 740 0 70 12 66 0 2 6 0 20
1399700361 580 26865 4964 6079 2071819 441 122552 446 40 740 0 70 12 66 0 2 6 0 20
1399708030 580 27008 4964 6079 2071819 441 122552 446 40 740 0 70 12 66 0 2 6 0 20
1399729505 580 27129 4964 6079 2071819 441 122552 446 40 740 0 70 12 66 0 2 6 0 20
1399729528 580 27130 4964 6079 2071819 441 122552 446 40 740 0 70 12 66 0 2 6 0 20
1399729576 580 27141 4964 6079 2071819 441 122552 446 40 740 0 70 12 66 0 2 6 0 20
1399729604 580 27148 4964 6079 2071819 441 122552 446 40 740 0 70 12 66 0 2 6 0 20
1399741428 580 27148 4964 6079 2071819 441 122552 446 40 740 0 70 12 66 0 2 6 0 20
1399770407 580 27156 4964 6079 2071819 441 122552 446 40 740 0 70 12 66 0 2 6 0 20
1399804160 580 32025 4964 6079 2071819 441 122552 446 40 740 0 70 12 66 0 2 6 0 20
1399808384 580 32025 4964 6079 2071819 441 122552 446 40 740 0 70 12 66 0 2 6 0 20
1400075168 580 32025 4964 6079 2071819 441 122552 446 40 740 0 70 12 66 0 2 6 0 20
1400103408 580 32025 4964 6079 2071819 441 122552 446 40 740 0 70 12 66 0 2 6 0 20
1400219251 580 32025 4977 6079 2071819 441 122552 446 40 740 0 70 12 66 0 2 6 0 20
1400220727 580 32025 4977 6079 2071819 441 122552 446 40 740 0 70 12 66 0 2 6 0 20
1400422530 580 32025 4977 6079 2071819 441 122552 446 40 740 0 70 12 66 0 2 6 0 20
1400558144 580 32025 4977 6079 2071819 441 122552 446 40 740 0 70 12 66 0 2 6 0 20
1400608640 580 32025 4977 6079 2071819 441 122552 446 40 740 0 70 12 66 0 2 6 0 20
1400728942 580 32028 4977 6079 2071819 441 122552 446 40 740 0 70 12 66 0 2 6 0 20
1400728976 580 32028 4977 6079 2071819 441 122552 446 40 740 0 70 12 66 0 2 6 0 20
1400735495 580 32028 4977 6079 2071819 441 122552 446 40 740 0 70 12 66 0 2 6 0 20
1401315989 580 32028 4977 6079 2071819 441 122552 446 40 740 735 70 12 66 0 2 6 0 20
1401318283 580 32028 4977 6079 2071819 441 122552 446 40 740 818 70 12 66 0 2 6 0 20
1401380904 580 32028 4977 6079 2071819 441 122552 446 40 740 1114 70 12 66 0 2 6 0 20
1401381064 580 32028 4977 6079 2071819 441 122552 446 40 740 1116 70 12 66 0 2 6 0 20
1401465929 580 32028 4977 6079 2071819 441 122552 446 40 740 1122 70 12 66 0 2 6 0 20
1401542798 580 32304 4977 6079 2071819 441 122552 446 40 740 1122 70 12 66 0 2 6 0 20
1401542866 580 32307 4977 6079 2071819 441 122552 446 40 740 1122 70 12 66 0 2 6 0 20
1401542963 580 32330 4977 6079 2071819 441 122552 446 40 740 1122 70 12 66 0 2 6 0 20
1401543597 580 32363 4977 6079 2071819 441 122552 446 40 740 1122 70 12 66 0 2 6 0 20
1401543864 580 32366 4977 6079 2071819 441 122552 446 40 740 1122 70 12 66 0 2 6 0 20
1401543895 580 32367 4977 6079 2071819 441 122552 446 40 740 1122 70 12 66 0 2 6 0 20
1401544501 580 32367 4977 6079 2071819 441 122552 446 40 740 1122 70 12 66 0 2 6 0 20
1401545003 580 32367 4977 6079 2071819 441 122552 446 40 740 1122 70 12 66 0 2 6 0 20
1401803964 580 32367 4977 6079 2071819 441 122552 446 40 740 1122 70 12 66 0 2 6 0 20
1401819785 580 32367 4977 6079 2071819 441 122552 446 40 740 1122 70 12 66 0 2 6 0 20
1401819965 580 32367 4977 6079 2071819 441 122552 446 40 740 1122 70 12 66 0 2 6 0 20
1401822647 580 32367 4977 6079 2071819 441 122552 446 40 740 1122 70 12 66 0 2 6 0 20
1401829141 580 32367 4977 6079 2071819 441 122552 446 40 740 1122 70 12 66 0 2 6 0 20
1401896284 580 32367 4977 6079 2071819 441 122552 446 40 740 1122 70 12 66 0 2 6 0 20
1401904863 580 32367 4977 6079 2071819 441 122552 446 40 740 1122 70 12 66 0 2 6 0 20
1402063596 580 32367 4977 6079 2071851 441 122552 446 40 740 1122 70 12 66 0 2 6 0 20
1402069902 580 32367 4977 6079 2071851 441 122552 459 40 740 1122 70 12 66 0 2 6 0 20
1402070575 580 32367 4977 6079 2071851 441 122552 459 40 740 1122 70 12 66 0 2 6 0 20
1402076720 580 32367 4977 6079 2071851 441 122552 459 40 740 1122 70 12 66 0 2 6 0 20
1402087457 580 32367 4980 6079 2071851 441 122552 459 40 740 1122 70 12 66 0 2 6 0 20
1402091320 580 32367 4980 6079 2071851 441 122552 459 40 740 1122 70 12 66 0 2 6 0 20
1402091386 580 32367 4980 6079 2071851 441 122552 459 40 740 1122 70 12 66 0 2 6 0 20
