1370276182 119254
1370871006 119254
1370877217 119254
1370877544 119254
1370878435 119254
1370878606 119254
1370947568 119254
1371648735 119262
1371649895 119258
1371683664 119262
1372265678 119262
1377130308 119478
1377288989 119478
1377289013 119466
1377290703 119463
1377706641 120159
1377706665 120161
1377711181 120166
1377809344 120653
1377809589 120650
1377815781 120890
1377905774 120937
1377907331 120947
1378491271 122149
1378500540 122167
1378508249 122164
1378858565 122513
1379093168 115158
1379093690 115786
1379097435 115786
1379380463 116328
1379404628 116485
1379505278 116467
1379505312 116366
1379548556 116356
1379620581 116350
1379627143 116350
1379627526 116350
1379628249 116350
1379628889 116350
1379629604 116353
1379630936 116353
1379645545 116354
1379647046 116353
1379647698 116353
1379648106 116354
1379648700 116354
1379648912 116353
1379710207 116793
1379711568 116793
1379712909 116793
1379803519 116793
1379978004 116793
1380278254 116801
1382373228 116778
1382373912 116801
1382374400 116798
1382374545 116767
1382409987 116765
1382410121 116763
1382410749 116770
1382410842 116769
1382412969 116769
1382485837 116769
1382547927 116765
1382548661 116767
1382548818 116767
1382574481 108623
1382574624 108623
1382655357 109398
1382658068 108196
1382660707 110994
1382661761 108625
1382718896 108623
1383132782 108629
1383686491 108641
1384415700 108641
1389039261 109145
1389053533 109150
1389412212 108914
1389842463 108914
1389971107 108892
1389997734 108882
1390774160 109079
1391041273 109079
1391041344 109079
1391739531 109084
1391749404 109106
1391809724 109116
1391811840 109116
1392159458 112572
1392848238 112573
1392928554 112533
1393626430 112480
1393628734 112480
1393965011 112479
1393998025 112479
1394126647 112479
1395097582 112482
1396484947 2048628
1396533488 2048628
1396588999 2048635
1396876804 2048635
1396881672 2048645
1396881743 2048645
1396882960 2048651
1396883084 2048651
1396885477 2048651
1396892350 2048653
1396892412 2048653
1396893324 2048653
1396898227 2048651
1396898270 2048651
1396931049 2048651
1396976926 2048644
1397000364 2048644
1397008893 2048656
1397009039 2048615
1397011654 2048543
1397224614 2049217
1397225173 2049165
1397534287 2049090
1398093150 2049090
1398112432 2049040
1398454041 2049040
1398660744 2049395
1399046104 2049390
1399074886 2049401
1399668279 2049394
1399741428 2049852
1400103408 2049852
1400220727 2049863
1400608640 2054732
1400735495 2053582
1401545003 2053837
1401822647 2054653
1401829141 2054994
1401904863 2054990
1402070575 2055016
1402076720 2055018
1402087457 2055019
1402091320 2055019
1402091386 2055019
