1365203667 2
1365203726 5
1365805133 7
1370276182 3065144
1370280708 3065145
1370282153 3065146
1370290494 3065295
1370293066 3065295
1370294541 3065307
1370301192 3065318
1370301440 3065322
1370301676 3065321
1370366471 3065321
1370366483 3065454
1370367579 3065458
1370368326 3065458
1370368556 3076182
1370371749 3076225
1370377026 3076225
1370377039 3076225
1370377554 3076225
1370377656 3076225
1370379939 3076224
1370380631 3076224
1370382082 3076226
1370382433 3076226
1370441710 3076082
1370463826 3075941
1370475884 3075942
1370479191 3075973
1370536006 3075983
1370538180 3075985
1370547196 3075984
1370553426 3075984
1370579121 3075985
1370630502 3076807
1370888027 3076821
1370891143 3078590
1370897455 3080682
1370897699 3080682
1370906178 3080682
1370908416 3080681
1370909977 3080680
1370973535 3080680
1370980325 3080679
1370982570 3080681
1370985344 3080681
1370988420 3080689
1371012958 3080689
1371013492 3080689
1371059204 3080694
1371143463 3080694
1371246283 3080694
1371499399 3080696
1371499944 3080696
1371502505 3080696
1371503076 3080696
1371503257 3080696
1371503428 3080699
1371507009 3080697
1371510746 3080699
1371579047 3080699
1371584378 3080738
1371682288 3080733
1371873288 3081033
1371897985 3081062
1371898010 3085070
1371929799 3085205
1371932534 3085207
1372091833 3085226
1372181797 3085282
1372186999 3085331
1372189189 3085340
1372268456 3085671
1372269219 3085690
1372367726 3085681
1372371231 3085677
1372372317 3085707
1372373464 3833800
1372438192 3833807
1372457743 3838214
1372720537 3838220
1373318736 3838244
1373320571 3838244
1373327540 3838615
1373586899 3838603
1374265968 3838642
1374269494 3838650
1374275405 3838762
1374687941 3825947
1374700238 3825958
1374770540 3825976
1374778941 3825976
1374877271 3825976
1375124014 3767650
1375292603 3767691
1375295877 3767691
1375304290 3767695
1375306704 3768377
1376071032 3768376
1376075357 3770240
1376084772 3770257
1376087508 3770257
1376350984 3770257
1376431098 3770257
1376434404 3770257
1376439321 3770257
1376441127 3770258
1376591160 3770258
1376685678 3461934
1376945922 3461906
1376953462 3461906
1377012458 3461906
1377018936 3461906
1377034832 3461906
1377067558 3461930
1377094114 3461930
1377096517 3461930
1377096678 3461930
1377098913 3461930
1377116123 3461941
1377121106 3461941
1377137468 3461941
1377192705 3445268
1377195870 3399334
1377227179 3383061
1377287745 3383043
1377309183 3412750
1377528739 3412750
1377532726 3412745
1377539216 3412747
1377542158 3412968
1377555809 3412968
1377623721 3412968
1377626554 3413051
1377638390 3413119
1377705960 3413117
1377880043 3413331
1378228721 3413329
1378245414 3413304
1378526515 3413329
1378754528 3413380
1378827335 3338617
1378852277 3338620
1378874856 3258262
1378921593 3258270
1378995387 3258270
1379008812 3258232
1379013266 3275760
1379020260 3267528
1379051007 3267581
1379093092 3267587
1379097115 3267602
1379106874 3267512
1379366625 3267512
1379370379 3267509
1379463768 3267499
1379521803 3267499
1379599644 3267504
1379627965 3273694
1379694871 3274435
1379975139 3274976
1379979655 3274989
1379979782 3275377
1380134530 3472403
1380298343 3472970
1380312552 3472973
1380316262 3472941
1380321079 3473233
1380646328 3473236
1380654006 3473228
1380654044 3473229
1380665954 3473230
1380735358 3473234
1380753970 3473239
1380758916 3473266
1380771830 3473266
1380807746 3473621
1380907709 3473625
1380918990 3592290
1380928925 3593808
1380929153 3593862
1380992187 3593864
1381335777 3593942
1381350678 3593942
1381782591 3602501
1381782860 3602506
1382027647 3602506
1382363848 3754976
1382478610 3754942
1382485893 3755077
1382556899 3755077
1382646033 3755077
1382647240 3755077
1382655562 3751840
1382661733 3748663
1382717457 3749141
1382731465 3749141
1382998512 3742919
1383025002 3742943
1383069752 3743095
1383236316 3296020
1383264761 3296080
1383682084 3296103
1383749208 3285430
1383939585 3285429
1384282800 3285431
1384443404 3285436
1384790431 3285460
1384790514 3285465
1384800071 3285465
1385077176 3285680
1385170838 3286019
1385395201 3286028
1385406424 3286025
1386108610 3286042
1386285793 3286115
1386373979 3288607
1386376745 3288607
1386455025 3288607
1386460718 3288848
1386606033 3289193
1386633013 3289191
1386633893 3289189
1386634182 3289187
1386634273 3289185
1386634396 3289185
1386634537 3289185
1386694460 3289185
1386696001 3289185
1386720013 3289189
1386721949 3290316
1386722500 3290316
1386782678 3290316
1386786673 3290337
1386797775 3290353
1386867044 3290879
1386875142 3290885
1386968465 3290893
1386970688 3290891
1387222126 3290891
1387227461 3290891
1387312315 3291018
1387337936 3290981
1387344090 3291233
1387842883 3291240
1388169889 3291259
1388696868 3291259
1388704692 3292071
1388774248 3292071
1388779448 3292074
1389045918 3313737
1389058059 3313742
1389133166 3313746
1389200971 3313750
1389214629 3313750
1389466050 3313482
1389481909 3313482
1389730271 3313706
1389893014 3313706
1389898377 3313843
1389971107 3313821
1389997734 3313790
1390156256 3313767
1390489573 3314853
1390891160 3314807
1390891213 3315004
1391103761 3315004
1391543606 3205953
1391644285 3205953
1391646257 3205958
1391657848 3206471
1391716622 3206658
1391736580 3207065
1391793456 3209054
1391794448 3208815
1391794555 3208933
1391794680 3208975
1391795040 3209044
1391795063 3209161
1391808953 3209332
1391817490 3209569
1391823805 3209979
1391823825 3210090
1391823841 3210247
1391823857 3210425
1392058327 3210427
1392072104 3210478
1392156345 3211454
1392159530 3211445
1392224167 3211445
1392303250 3211474
1392407979 3211474
1392940311 3211472
1393000780 3211493
1393027303 3211493
1393029008 3211558
1393269931 3211558
1393283409 3211558
1393295594 3211566
1393295971 3211566
1393517119 3211527
1393535822 3211527
1393550831 3142287
1393609875 3142294
1393865859 3141375
1393874920 3141376
1393893130 3141372
1393951349 3141330
1394052377 3141273
1394145396 3141281
1394213567 3141286
1394238290 3141300
1394242906 3141286
1394317879 3141289
1394476364 3141303
1394478238 3141303
1394756814 3141318
1395088884 3141318
1395152402 3141404
1395247712 3141546
1395253487 3141472
1395333694 3141485
1395333872 3141485
1395357980 3141485
1395411621 3141493
1395684258 3141362
1395857334 3141362
1395960820 3141362
1396108511 3141386
1396457262 3141386
1396590783 3141386
1396714983 3141549
1396990171 3141897
1396998868 3141889
1397005971 3141893
1397013417 3141904
1397106753 3141902
1397134647 3141689
1397501868 3141703
1397525860 3141722
1397525867 3141675
1398826061 1246490
1398827327 1246491
1399041140 1246495
1399046197 1246496
1399057482 1246499
1399098963 1246509
1399098978 1246506
1399099195 1246505
1399101180 1246506
1399311920 1246610
1399501187 1246611
1399666391 1246575
1399934308 1246575
1400014879 1246575
1400020229 1246576
1400253417 1246606
1400259328 1246606
1400268247 1246611
1400272680 1246611
1400285042 1246611
1400692521 1246638
1400705111 1246633
1400772964 1245525
1401227399 1245523
1401229517 1245538
1401301570 1245562
1401393744 1245572
1401397357 1245579
1401402220 1245582
1401402237 1247131
1401402309 1247131
1401417357 1247131
1401420895 1247131
1401423204 1247132
1401424884 1247132
1401426015 1247133
1401428098 1247133
1401463991 1247133
1401544641 1247154
1401556070 1252242
1401645631 1249992
1401656495 1250001
1401751148 1239646
1401756923 1239646
1401835461 1239648
1401912390 1239648
1401923122 1239651
1401942600 1239651
1402071532 1239651
1402080906 1239653
1402260215 1239653
1402446112 1240400
1402449707 1240405
1402586052 1240393
1402586069 1240393
1402613334 1240394
1402675814 1240394
1402680113 1240395
1402687578 1240395
1402693010 1240395
1402696847 1240395
1402698928 1240395
1402705351 1240397
1402765703 1240396
1402960612 1240396
1403063917 1240405
1403278899 1240349
1403451713 1240349
1403476095 1240349
1403561653 1240351
